0.4051666324 0.421615939    0.04104      0.04444   
   6000     3995.25     0.7679     0.1474     0.7127     0.127      0.8577     7.1933    67880.21   2339.43   
   6000     5117.38     0.7679     0.1474     0.7127     0.127      0.8578     9.5948    67880.21   2339.43      0.0    
   6000     5975.88     0.7885     0.1554      0.0        0.0       0.696      0.0001    9148.97     62.63       0.0    
   6000     5775.03     0.7439     0.1384     0.7239     0.131      1.0263     4.3792    58188.48   4520.32   
   6000     6483.31     0.7519     0.1413     0.7253     0.1315     1.3698     3.3656    57097.66   4311.08      0.0    
   6000     7516.56     0.7824     0.153       0.0        0.0       0.509      0.0002    11403.88    37.65       0.0    
   6000      8889.5     0.7417     0.1375     0.619      0.0958     0.949      0.6617    59381.07   8258.93   
   6000     9474.21     0.7403     0.137      0.6369     0.1014     0.9108     0.8173    58338.35   8498.82      0.0    
   6000     12621.18    0.7597     0.1443     0.7584     0.1438     0.4341     0.0006    8143.31    1590.64      0.0    
   6000     10980.54    0.692      0.1197     0.5448     0.0742     1.2104     0.1036    51391.52   12733.55  
   6000     11431.44    0.6952     0.1208     0.543      0.0737     1.2438     0.0883    52741.95   12578.34     0.0    
   6000     15243.06    0.7509     0.141      0.7373     0.1359     0.4802     0.0016    8157.14     3217.5      0.0    

