0.7915550353 0.7891646734 0.5042172629 0.5014567524
   6000     5627.94     5.5343     3.7424     4.7802     3.2633     0.0333     0.0077    54171.71   2049.89   
   6000     5725.32     7.0429     4.8979     6.1518     4.306      0.0457     0.0086    62446.31   2313.05      0.0  
   6000     8880.68     2.9457     1.9942     2.6472     1.8069     0.0258     0.0453    44151.75   1716.34      0.0      
   6000     7054.94     3.1291     2.0349     2.8499     1.8751     0.0306     0.0047    44201.75   3458.97   
   6000     7057.58     3.6327     2.3939     3.3009     2.2113     0.0305     0.0045    46831.29    3635.5      0.0    
   6000     11285.84    2.7944     1.8357     2.5589     1.6905     0.0493     0.0034    42900.47   3339.25      0.0    
   6000     11016.45    2.6966     1.7395     2.6023     1.6829     0.0443     0.0029    42325.69    8350.6   
   6000     11319.96    2.7743     1.8056     2.6733     1.7386     0.0351     0.0027    42855.62   8440.31      0.0    
   6000     22510.56    2.6655     1.7199     2.5529     1.6525     0.0446     0.005     41927.39   8215.97      0.0    
   6000     13189.57    2.6279     1.6949     2.6063     1.6816     0.0637     0.0023    42022.27   16792.8   
   6000     13460.09    2.6909     1.7434     2.6574     1.7216     0.0816     0.0023    42332.27   16890.96     0.0    
   6000     26286.08    2.6052     1.6778     2.5747     1.6593     0.1009     0.0649    41600.07   16580.97     0.0    
