501.7433670606 501.0061160497 0.0407099902 0.0406012665
   6000     3619.13    598.8931    0.0484    508.5953    0.0414     0.0003     0.0003    285471.1   11426.99  
   6000     3630.76    598.8928    0.0484    508.5953    0.0414     0.0003     0.0003   285758.25   11438.47     0.0    
   5500     4977.65    598.8868    0.0484    508.5954    0.0414     0.0001      0.0     285705.94   11437.35     0.0    
   6000     5441.79    577.2936    0.0469    537.2535    0.0436     0.0002     0.0001   285566.74   22856.64  
   6000      5402.7    577.2936    0.0469    537.2535    0.0436     0.0002     0.0001   285853.04   22888.59     0.0    
   5000     6195.34    577.2899    0.0469    537.2536    0.0436     0.0001      0.0      285660.9   22875.76     0.0    
   4500     6547.95    562.6081    0.0456    547.0656    0.0444     0.0002      0.0     285502.31   57154.43  
   4500     6537.13    562.6081    0.0456    547.0656    0.0444     0.0002      0.0     285868.77   57223.33     0.0    
   4500     10752.47   562.6087    0.0456    547.0656    0.0444     0.0002      0.0     285567.42   57168.07     0.0    
   6000     10169.33   558.9227    0.0454    549.3967    0.0444     0.0561      0.0     285482.45  114147.78  
   6000     9879.13    558.8167    0.0454    549.3737    0.0444     0.0579      0.0     286038.82   114266.6     0.0    
   6000     17231.69   559.1623    0.0454    549.3794    0.0444     0.0406      0.0     285442.27  114135.77     0.0    
